airship-trees-0:296,115|486,67|683,107|685,289
airship-shop-0:685,289
airship-trees-1:182,390|194,122|577,81|627,186
airship-shop-1:627,186
airship-trees-2:686,123|503,113|241,160|166,402
airship-shop-2:166,402
airship-trees-3:133,224|320,183|394,379|629,17
airship-shop-3:629,1799
airship-trees-4:290,309|470,430|684,240|524,100
airship-shop-4:524,100
airship-trees-5:146,270|283,81|390,139|440,99|732,50|606,235
airship-shop-5:606,235
airship-trees-6:521,413|220,220|227,227|221,225|331,45|540,138
airship-shop-6:540,138
airship-trees-7:607,146|735,169|789,103|479,68|71,304|259,422|478,211
airship-shop-7:478,211
airship-trees-8:80,160|256,34|425,124|325,114|574,442|740,335|577,140
airship-shop-8:577,140